15 2 3 2 6 1.5 0.5 0.5 0.2 0.8
1 2 3 4 5 6 7 8 9 10 11 12 13 14 15
2 1 3 4 5 6 7 8 9 10 11 12 13 14 15
3 1 2 4 5 6 7 8 9 10 11 12 13 14 15
4 1 2 3 5 6 7 8 9 10 11 12 13 14 15
5 1 2 3 4 6 7 8 9 10 11 12 13 14 15
6 1 2 3 4 5 7 8 9 10 11 12 13 14 15
7 1 2 3 4 5 6 8 9 10 11 12 13 14 15
8 1 2 3 4 5 6 7 9 10 11 12 13 14 15
9 1 2 3 4 5 6 7 8 10 11 12 13 14 15
10 1 2 3 4 5 6 7 8 9 11 12 13 14 15
11 1 2 3 4 5 6 7 8 9 10 12 13 14 15
12 1 2 3 4 5 6 7 8 9 10 11 13 14 15
13 1 2 3 4 5 6 7 8 9 10 12 11 14 15
14 1 2 3 4 5 6 7 8 9 10 12 13 11 15
15 1 2 3 4 5 6 7 8 9 10 12 13 14 11

1 2 3 4
2 5 6 7
3 8 9
4 10
5 11
6 12
7 13
8 14
9 15
10
11
12
13
14
15
